 -5.7117134329E+00
 -5.7117166842E+00
 -5.7117228967E+00
 -5.7117295934E+00
 -5.7117366846E+00
 -5.7117435875E+00
 -5.7117502786E+00
 -5.7117569103E+00
 -5.7117629116E+00
 -5.7117681809E+00
 -5.7117732558E+00
 -5.7117793471E+00
 -5.7117871174E+00
 -5.7117957796E+00
 -5.7118041316E+00
 -5.7118120819E+00
 -5.7118192794E+00
 -5.7118254612E+00
 -5.7118305801E+00
 -5.7118345091E+00
 -5.7118373499E+00
 -5.7118382225E+00
 -5.7118360714E+00
 -5.7118306700E+00
 -5.7118209701E+00
 -5.7118083221E+00
 -5.7117957653E+00
 -5.7117865545E+00
 -5.7117814831E+00
 -5.7117794570E+00
 -5.7117788630E+00
 -5.7117787879E+00
 -5.7117795351E+00
 -5.7117801582E+00
 -5.7117796587E+00
 -5.7117785583E+00
 -5.7117765833E+00
 -5.7117732783E+00
 -5.7117698481E+00
 -5.7117675939E+00
 -5.7117675627E+00
 -5.7117693655E+00
 -5.7117719772E+00
 -5.7117746311E+00
 -5.7117768484E+00
 -5.7117783411E+00
 -5.7117777390E+00
 -5.7117753024E+00
 -5.7117722442E+00
 -5.7117685032E+00
 -5.7117651027E+00
 -5.7117626124E+00
 -5.7117606757E+00
 -5.7117592110E+00
 -5.7117574870E+00
 -5.7117560551E+00
 -5.7117574948E+00
 -5.7117629346E+00
 -5.7117728871E+00
 -5.7117859408E+00
 -5.7117987888E+00
 -5.7118086962E+00
 -5.7118143087E+00
 -5.7118159164E+00
 -5.7118143884E+00
 -5.7118116336E+00
 -5.7118090633E+00
 -5.7118076586E+00
 -5.7118063588E+00
 -5.7118039790E+00
 -5.7117995855E+00
 -5.7117923077E+00
 -5.7117830385E+00
 -5.7117744920E+00
 -5.7117688009E+00
 -5.7117668580E+00
 -5.7117671898E+00
 -5.7117687065E+00
 -5.7117718922E+00
 -5.7117772185E+00
 -5.7117836541E+00
 -5.7117909064E+00
 -5.7117986527E+00
 -5.7118056677E+00
 -5.7118114404E+00
 -5.7118157833E+00
 -5.7118193784E+00
 -5.7118230957E+00
 -5.7118269766E+00
 -5.7118300202E+00
 -5.7118303846E+00
 -5.7118281270E+00
 -5.7118232229E+00
 -5.7118151594E+00
 -5.7118043787E+00
 -5.7117939925E+00
 -5.7117874441E+00
 -5.7117851244E+00
 -5.7117859574E+00
 -5.7117887618E+00
 -5.7117929891E+00
 -5.7117990776E+00
 -5.7118056290E+00
 -5.7118116162E+00
 -5.7118165957E+00
 -5.7118199888E+00
 -5.7118213202E+00
 -5.7118201703E+00
 -5.7118168454E+00
 -5.7118124371E+00
 -5.7118075543E+00
 -5.7118029629E+00
 -5.7117996542E+00
 -5.7117972915E+00
 -5.7117958619E+00
 -5.7117959192E+00
 -5.7117973644E+00
 -5.7117992517E+00
 -5.7117995411E+00
 -5.7117970118E+00
 -5.7117917249E+00
 -5.7117865583E+00
 -5.7117833964E+00
 -5.7117821446E+00
 -5.7117822770E+00
 -5.7117842830E+00
 -5.7117873697E+00
 -5.7117905587E+00
 -5.7117935657E+00
 -5.7117964002E+00
 -5.7117985894E+00
 -5.7117996204E+00
 -5.7117983390E+00
 -5.7117955060E+00
 -5.7117928923E+00
 -5.7117920640E+00
 -5.7117933132E+00
 -5.7117955668E+00
 -5.7117980522E+00
 -5.7118011995E+00
 -5.7118052057E+00
 -5.7118077617E+00
 -5.7118085612E+00
 -5.7118083462E+00
 -5.7118080090E+00
 -5.7118079757E+00
 -5.7118085985E+00
 -5.7118096631E+00
 -5.7118100441E+00
 -5.7118086189E+00
 -5.7118050450E+00
 -5.7117998283E+00
 -5.7117954035E+00
 -5.7117923514E+00
 -5.7117906842E+00
 -5.7117887840E+00
 -5.7117862683E+00
 -5.7117838207E+00
 -5.7117814523E+00
 -5.7117801514E+00
 -5.7117797869E+00
 -5.7117804273E+00
 -5.7117811065E+00
 -5.7117800959E+00
 -5.7117771331E+00
 -5.7117732026E+00
 -5.7117698125E+00
 -5.7117670552E+00
 -5.7117653867E+00
 -5.7117651211E+00
 -5.7117654857E+00
 -5.7117664494E+00
 -5.7117673179E+00
 -5.7117681178E+00
 -5.7117687047E+00
 -5.7117694681E+00
 -5.7117688872E+00
 -5.7117685405E+00
 -5.7117688261E+00
 -5.7117693431E+00
 -5.7117695163E+00
 -5.7117701955E+00
 -5.7117722214E+00
 -5.7117751382E+00
 -5.7117793762E+00
 -5.7117848869E+00
 -5.7117913501E+00
 -5.7117967284E+00
 -5.7118005773E+00
 -5.7118047141E+00
 -5.7118090131E+00
 -5.7118116624E+00
 -5.7118118547E+00
 -5.7118086203E+00
 -5.7118016861E+00
 -5.7117915032E+00
 -5.7117793910E+00
 -5.7117665011E+00
 -5.7117537859E+00
 -5.7117438004E+00
 -5.7117388364E+00
 -5.7117391420E+00
 -5.7117434114E+00
 -5.7117502602E+00
 -5.7117580918E+00
 -5.7117658292E+00
 -5.7117729134E+00
 -5.7117791906E+00
 -5.7117854266E+00
 -5.7117913846E+00
 -5.7117970512E+00
 -5.7118018267E+00
 -5.7118051775E+00
 -5.7118065003E+00
 -5.7118068663E+00
 -5.7118070045E+00
 -5.7118071722E+00
 -5.7118073527E+00
 -5.7118066732E+00
 -5.7118035662E+00
 -5.7117974052E+00
 -5.7117889379E+00
 -5.7117785527E+00
 -5.7117675795E+00
 -5.7117578897E+00
 -5.7117511787E+00
 -5.7117482556E+00
 -5.7117484114E+00
 -5.7117515149E+00
 -5.7117550155E+00
 -5.7117580170E+00
 -5.7117613508E+00
 -5.7117665293E+00
 -5.7117733878E+00
 -5.7117792751E+00
 -5.7117835359E+00
 -5.7117869736E+00
 -5.7117888120E+00
 -5.7117882165E+00
 -5.7117856273E+00
 -5.7117819354E+00
 -5.7117780720E+00
 -5.7117753928E+00
 -5.7117737499E+00
 -5.7117726494E+00
 -5.7117722345E+00
 -5.7117727082E+00
 -5.7117726517E+00
 -5.7117716580E+00
 -5.7117703132E+00
 -5.7117697065E+00
 -5.7117698625E+00
 -5.7117700872E+00
 -5.7117704143E+00
 -5.7117720268E+00
 -5.7117764119E+00
 -5.7117832711E+00
 -5.7117929614E+00
 -5.7118029321E+00
 -5.7118098485E+00
 -5.7118121851E+00
 -5.7118109380E+00
 -5.7118078718E+00
 -5.7118038959E+00
 -5.7117993840E+00
 -5.7117951417E+00
 -5.7117915121E+00
 -5.7117882925E+00
 -5.7117851974E+00
 -5.7117828312E+00
 -5.7117798254E+00
 -5.7117756992E+00
 -5.7117713179E+00
 -5.7117673162E+00
 -5.7117620131E+00
 -5.7117559139E+00
 -5.7117518190E+00
 -5.7117535213E+00
 -5.7117622861E+00
 -5.7117754056E+00
 -5.7117893217E+00
 -5.7118020172E+00
 -5.7118120641E+00
 -5.7118191272E+00
 -5.7118238268E+00
 -5.7118275371E+00
 -5.7118305240E+00
 -5.7118324396E+00
 -5.7118326527E+00
 -5.7118305758E+00
 -5.7118272558E+00
 -5.7118233513E+00
 -5.7118186257E+00
 -5.7118112377E+00
 -5.7118008909E+00
 -5.7117886699E+00
 -5.7117763764E+00
 -5.7117660038E+00
 -5.7117589838E+00
 -5.7117564113E+00
 -5.7117582008E+00
 -5.7117633936E+00
 -5.7117697382E+00
 -5.7117773423E+00
 -5.7117866248E+00
 -5.7117971631E+00
 -5.7118072017E+00
 -5.7118152956E+00
 -5.7118198086E+00
 -5.7118212514E+00
 -5.7118212399E+00
 -5.7118205417E+00
 -5.7118182077E+00
 -5.7118146347E+00
 -5.7118097457E+00
 -5.7118034634E+00
 -5.7117956126E+00
 -5.7117883786E+00
 -5.7117827350E+00
 -5.7117794420E+00
 -5.7117772762E+00
 -5.7117750668E+00
 -5.7117725049E+00
 -5.7117695555E+00
 -5.7117672441E+00
 -5.7117662145E+00
 -5.7117663767E+00
 -5.7117669731E+00
 -5.7117685173E+00
 -5.7117717211E+00
 -5.7117759979E+00
 -5.7117795876E+00
 -5.7117822598E+00
 -5.7117856279E+00
 -5.7117894750E+00
 -5.7117923331E+00
 -5.7117931550E+00
 -5.7117923266E+00
 -5.7117901877E+00
 -5.7117867714E+00
 -5.7117831560E+00
 -5.7117799883E+00
 -5.7117778931E+00
 -5.7117763940E+00
 -5.7117752995E+00
 -5.7117739537E+00
 -5.7117713111E+00
 -5.7117665130E+00
 -5.7117600230E+00
 -5.7117523454E+00
 -5.7117442206E+00
 -5.7117362101E+00
 -5.7117287986E+00
 -5.7117229675E+00
 -5.7117182064E+00
 -5.7117142931E+00
 -5.7117128548E+00
 -5.7117152261E+00
 -5.7117205639E+00
 -5.7117276020E+00
 -5.7117362351E+00
 -5.7117451930E+00
 -5.7117531342E+00
 -5.7117604699E+00
 -5.7117678576E+00
 -5.7117740208E+00
 -5.7117781113E+00
 -5.7117804890E+00
 -5.7117821282E+00
 -5.7117830990E+00
 -5.7117837898E+00
 -5.7117855281E+00
 -5.7117871775E+00
 -5.7117870520E+00
 -5.7117850964E+00
 -5.7117813477E+00
 -5.7117774139E+00
 -5.7117748579E+00
 -5.7117745376E+00
 -5.7117771011E+00
 -5.7117822946E+00
 -5.7117892218E+00
 -5.7117960672E+00
 -5.7118015343E+00
 -5.7118046475E+00
 -5.7118035951E+00
 -5.7117983625E+00
 -5.7117901780E+00
 -5.7117801988E+00
 -5.7117693171E+00
 -5.7117577359E+00
 -5.7117452615E+00
 -5.7117338116E+00
 -5.7117249089E+00
 -5.7117199859E+00
 -5.7117186658E+00
 -5.7117201575E+00
 -5.7117219265E+00
 -5.7117221017E+00
 -5.7117217804E+00
 -5.7117226542E+00
 -5.7117253813E+00
 -5.7117297715E+00
 -5.7117351575E+00
 -5.7117417086E+00
 -5.7117489007E+00
 -5.7117550213E+00
 -5.7117601036E+00
 -5.7117639065E+00
 -5.7117665949E+00
 -5.7117694268E+00
 -5.7117716807E+00
 -5.7117731983E+00
 -5.7117742305E+00
 -5.7117730153E+00
 -5.7117701943E+00
 -5.7117657520E+00
 -5.7117597203E+00
 -5.7117522734E+00
 -5.7117449689E+00
 -5.7117392794E+00
 -5.7117364633E+00
 -5.7117377849E+00
 -5.7117432652E+00
 -5.7117520970E+00
 -5.7117617224E+00
 -5.7117702516E+00
 -5.7117781873E+00
 -5.7117853024E+00
 -5.7117906291E+00
 -5.7117929386E+00
 -5.7117912164E+00
 -5.7117840932E+00
 -5.7117725637E+00
 -5.7117586331E+00
 -5.7117450755E+00
 -5.7117343243E+00
 -5.7117277429E+00
 -5.7117262410E+00
 -5.7117287287E+00
 -5.7117336821E+00
 -5.7117383860E+00
 -5.7117423823E+00
 -5.7117468174E+00
 -5.7117514571E+00
 -5.7117560126E+00
 -5.7117610605E+00
 -5.7117664027E+00
 -5.7117711204E+00
 -5.7117743892E+00
 -5.7117771034E+00
 -5.7117798805E+00
 -5.7117827968E+00
 -5.7117854592E+00
 -5.7117889468E+00
 -5.7117932358E+00
 -5.7117971681E+00
 -5.7117994799E+00
 -5.7118004832E+00
 -5.7118015584E+00
 -5.7118031281E+00
 -5.7118052662E+00
 -5.7118075633E+00
 -5.7118088197E+00
 -5.7118086101E+00
 -5.7118063612E+00
 -5.7118007946E+00
 -5.7117920029E+00
 -5.7117807986E+00
 -5.7117688865E+00
 -5.7117583538E+00
 -5.7117511005E+00
 -5.7117488260E+00
 -5.7117527716E+00
 -5.7117627074E+00
 -5.7117755420E+00
 -5.7117874054E+00
 -5.7117958701E+00
 -5.7117997819E+00
 -5.7117976502E+00
 -5.7117903153E+00
 -5.7117797864E+00
 -5.7117687096E+00
 -5.7117581750E+00
 -5.7117488501E+00
 -5.7117410124E+00
 -5.7117360037E+00
 -5.7117342205E+00
 -5.7117361096E+00
 -5.7117416933E+00
 -5.7117484108E+00
 -5.7117544098E+00
 -5.7117599058E+00
 -5.7117658180E+00
 -5.7117718697E+00
 -5.7117770175E+00
 -5.7117810053E+00
 -5.7117838887E+00
 -5.7117863865E+00
 -5.7117892300E+00
 -5.7117913180E+00
 -5.7117907185E+00
 -5.7117866291E+00
 -5.7117789743E+00
 -5.7117691961E+00
 -5.7117598681E+00
 -5.7117519109E+00
 -5.7117455611E+00
 -5.7117408797E+00
 -5.7117390320E+00
 -5.7117403292E+00
 -5.7117439779E+00
 -5.7117478603E+00
 -5.7117508556E+00
 -5.7117531345E+00
 -5.7117522034E+00
 -5.7117478004E+00
 -5.7117408018E+00
 -5.7117328386E+00
 -5.7117255840E+00
 -5.7117208076E+00
 -5.7117199647E+00
 -5.7117229511E+00
 -5.7117265755E+00
 -5.7117280645E+00
 -5.7117258009E+00
 -5.7117203592E+00
 -5.7117143251E+00
 -5.7117113547E+00
 -5.7117124213E+00
 -5.7117167711E+00
 -5.7117231683E+00
 -5.7117300823E+00
 -5.7117364763E+00
 -5.7117422472E+00
 -5.7117470977E+00
 -5.7117516801E+00
 -5.7117544033E+00
 -5.7117539879E+00
 -5.7117529475E+00
 -5.7117536946E+00
 -5.7117558320E+00
 -5.7117588257E+00
 -5.7117628124E+00
 -5.7117670332E+00
 -5.7117699604E+00
 -5.7117704177E+00
 -5.7117687450E+00
 -5.7117644784E+00
 -5.7117568130E+00
 -5.7117468331E+00
 -5.7117360398E+00
 -5.7117262699E+00
 -5.7117172068E+00
 -5.7117088676E+00
 -5.7117016492E+00
 -5.7116960170E+00
 -5.7116930651E+00
 -5.7116932935E+00
 -5.7116963410E+00
 -5.7117012121E+00
 -5.7117078430E+00
 -5.7117143287E+00
 -5.7117206276E+00
 -5.7117266052E+00
 -5.7117312164E+00
 -5.7117341614E+00
 -5.7117359844E+00
 -5.7117373392E+00
 -5.7117384359E+00
 -5.7117390846E+00
 -5.7117382361E+00
 -5.7117349510E+00
 -5.7117294128E+00
 -5.7117231676E+00
 -5.7117181689E+00
 -5.7117164055E+00
 -5.7117191399E+00
 -5.7117258171E+00
 -5.7117358647E+00
 -5.7117459288E+00
 -5.7117541569E+00
 -5.7117610435E+00
 -5.7117669443E+00
 -5.7117718072E+00
 -5.7117756147E+00
 -5.7117782498E+00
 -5.7117795270E+00
 -5.7117798299E+00
 -5.7117797106E+00
 -5.7117784700E+00
 -5.7117755618E+00
 -5.7117717756E+00
 -5.7117668731E+00
 -5.7117590553E+00
 -5.7117478301E+00
 -5.7117352269E+00
 -5.7117243333E+00
 -5.7117165959E+00
 -5.7117126351E+00
 -5.7117130992E+00
 -5.7117173432E+00
 -5.7117229652E+00
 -5.7117270904E+00
 -5.7117289404E+00
 -5.7117294958E+00
 -5.7117295788E+00
 -5.7117290024E+00
 -5.7117296111E+00
 -5.7117322297E+00
 -5.7117359733E+00
 -5.7117399421E+00
 -5.7117431941E+00
 -5.7117460403E+00
 -5.7117495471E+00
 -5.7117540742E+00
 -5.7117604274E+00
 -5.7117682842E+00
 -5.7117766343E+00
 -5.7117834149E+00
 -5.7117881823E+00
 -5.7117899073E+00
 -5.7117878869E+00
 -5.7117815696E+00
 -5.7117718187E+00
 -5.7117601174E+00
 -5.7117486009E+00
 -5.7117393904E+00
 -5.7117335807E+00
 -5.7117304654E+00
 -5.7117294852E+00
 -5.7117304974E+00
 -5.7117342175E+00
 -5.7117388835E+00
 -5.7117435709E+00
 -5.7117498201E+00
 -5.7117587781E+00
 -5.7117699031E+00
 -5.7117827112E+00
 -5.7117938187E+00
 -5.7117981570E+00
 -5.7117947241E+00
 -5.7117859894E+00
 -5.7117770716E+00
 -5.7117699924E+00
 -5.7117652497E+00
 -5.7117614237E+00
 -5.7117582103E+00
 -5.7117559508E+00
 -5.7117542139E+00
 -5.7117532798E+00
 -5.7117530582E+00
 -5.7117533112E+00
 -5.7117534992E+00
 -5.7117547967E+00
 -5.7117579672E+00
 -5.7117623564E+00
 -5.7117671831E+00
 -5.7117720669E+00
 -5.7117767346E+00
 -5.7117791609E+00
 -5.7117787602E+00
 -5.7117763179E+00
 -5.7117740153E+00
 -5.7117733415E+00
 -5.7117732592E+00
 -5.7117728208E+00
 -5.7117709803E+00
 -5.7117687687E+00
 -5.7117667791E+00
 -5.7117644709E+00
 -5.7117605872E+00
 -5.7117541806E+00
 -5.7117441327E+00
 -5.7117310021E+00
 -5.7117166435E+00
 -5.7117035320E+00
 -5.7116934450E+00
 -5.7116875077E+00
 -5.7116857956E+00
 -5.7116882056E+00
 -5.7116947862E+00
 -5.7117055782E+00
 -5.7117192180E+00
 -5.7117347152E+00
 -5.7117507393E+00
 -5.7117652220E+00
 -5.7117756086E+00
 -5.7117799923E+00
 -5.7117791707E+00
 -5.7117757439E+00
 -5.7117717768E+00
 -5.7117679381E+00
 -5.7117639297E+00
 -5.7117590848E+00
 -5.7117528250E+00
 -5.7117452412E+00
 -5.7117379032E+00
 -5.7117329818E+00
 -5.7117310027E+00
 -5.7117306818E+00
 -5.7117304384E+00
 -5.7117303859E+00
 -5.7117307264E+00
 -5.7117309998E+00
 -5.7117305497E+00
 -5.7117288940E+00
 -5.7117260932E+00
 -5.7117236444E+00
 -5.7117224376E+00
 -5.7117245219E+00
 -5.7117301312E+00
 -5.7117373411E+00
 -5.7117438505E+00
 -5.7117476206E+00
 -5.7117479908E+00
 -5.7117448364E+00
 -5.7117384850E+00
 -5.7117304895E+00
 -5.7117211727E+00
 -5.7117105359E+00
 -5.7116998266E+00
 -5.7116909813E+00
 -5.7116856850E+00
 -5.7116828833E+00
 -5.7116824031E+00
 -5.7116855483E+00
 -5.7116919455E+00
 -5.7116997650E+00
 -5.7117079658E+00
 -5.7117157482E+00
 -5.7117237144E+00
 -5.7117337213E+00
 -5.7117445795E+00
 -5.7117544283E+00
 -5.7117619744E+00
 -5.7117664863E+00
 -5.7117669931E+00
 -5.7117646916E+00
 -5.7117603417E+00
 -5.7117562896E+00
 -5.7117535818E+00
 -5.7117523992E+00
 -5.7117511872E+00
 -5.7117466554E+00
 -5.7117374781E+00
 -5.7117250965E+00
 -5.7117115464E+00
 -5.7116974552E+00
 -5.7116840755E+00
 -5.7116741629E+00
 -5.7116686045E+00
 -5.7116665017E+00
 -5.7116669856E+00
 -5.7116687293E+00
 -5.7116702642E+00
 -5.7116743087E+00
 -5.7116831882E+00
 -5.7116973750E+00
 -5.7117130464E+00
 -5.7117259907E+00
 -5.7117363458E+00
 -5.7117450396E+00
 -5.7117516478E+00
 -5.7117549110E+00
 -5.7117534828E+00
 -5.7117488132E+00
 -5.7117429700E+00
 -5.7117363954E+00
 -5.7117286860E+00
 -5.7117198291E+00
 -5.7117103061E+00
 -5.7117017270E+00
 -5.7116952853E+00
 -5.7116915009E+00
 -5.7116909837E+00
 -5.7116932184E+00
 -5.7116975770E+00
 -5.7117030800E+00
 -5.7117101266E+00
 -5.7117182832E+00
 -5.7117269601E+00
 -5.7117362692E+00
 -5.7117452474E+00
 -5.7117537261E+00
 -5.7117604191E+00
 -5.7117647949E+00
 -5.7117666698E+00
 -5.7117661332E+00
 -5.7117640545E+00
 -5.7117605555E+00
 -5.7117550912E+00
 -5.7117470777E+00
 -5.7117369112E+00
 -5.7117249285E+00
 -5.7117116629E+00
 -5.7116998973E+00
 -5.7116920305E+00
 -5.7116890851E+00
 -5.7116903480E+00
 -5.7116955839E+00
 -5.7117037600E+00
 -5.7117136908E+00
 -5.7117238563E+00
 -5.7117333185E+00
 -5.7117410430E+00
 -5.7117465093E+00
 -5.7117504820E+00
 -5.7117545267E+00
 -5.7117584881E+00
 -5.7117619901E+00
 -5.7117653849E+00
 -5.7117683334E+00
 -5.7117699320E+00
 -5.7117698874E+00
 -5.7117679604E+00
 -5.7117642344E+00
 -5.7117592549E+00
 -5.7117527637E+00
 -5.7117443963E+00
 -5.7117334225E+00
 -5.7117208031E+00
 -5.7117089144E+00
 -5.7117004498E+00
 -5.7116971036E+00
 -5.7116980398E+00
 -5.7117016847E+00
 -5.7117073854E+00
 -5.7117143538E+00
 -5.7117217935E+00
 -5.7117288955E+00
 -5.7117346722E+00
 -5.7117388925E+00
 -5.7117412528E+00
 -5.7117423638E+00
 -5.7117426706E+00
 -5.7117426013E+00
 -5.7117437990E+00
 -5.7117475635E+00
 -5.7117530562E+00
 -5.7117584439E+00
 -5.7117623544E+00
 -5.7117629502E+00
 -5.7117601704E+00
 -5.7117544908E+00
 -5.7117470833E+00
 -5.7117388954E+00
 -5.7117306839E+00
 -5.7117227221E+00
 -5.7117162743E+00
 -5.7117130222E+00
 -5.7117127989E+00
 -5.7117141344E+00
 -5.7117162694E+00
 -5.7117187915E+00
 -5.7117215486E+00
 -5.7117244933E+00
 -5.7117269680E+00
 -5.7117287621E+00
 -5.7117298398E+00
 -5.7117308660E+00
 -5.7117314186E+00
 -5.7117323714E+00
 -5.7117340227E+00
 -5.7117356540E+00
 -5.7117363987E+00
 -5.7117362002E+00
 -5.7117356970E+00
 -5.7117350457E+00
 -5.7117341771E+00
 -5.7117330018E+00
 -5.7117295959E+00
 -5.7117231220E+00
 -5.7117142799E+00
 -5.7117044990E+00
 -5.7116957034E+00
 -5.7116878043E+00
 -5.7116805776E+00
 -5.7116743700E+00
 -5.7116704033E+00
 -5.7116697776E+00
 -5.7116733810E+00
 -5.7116811074E+00
 -5.7116917506E+00
 -5.7117024015E+00
 -5.7117115530E+00
 -5.7117186009E+00
 -5.7117238096E+00
 -5.7117278515E+00
 -5.7117310848E+00
 -5.7117335313E+00
 -5.7117342732E+00
 -5.7117331439E+00
 -5.7117306484E+00
 -5.7117267215E+00
 -5.7117209156E+00
 -5.7117138314E+00
 -5.7117069226E+00
 -5.7117015966E+00
 -5.7116979501E+00
 -5.7116961687E+00
 -5.7116957015E+00
 -5.7116964754E+00
 -5.7116981864E+00
 -5.7117002300E+00
 -5.7117015699E+00
 -5.7117015486E+00
 -5.7117001708E+00
 -5.7116980306E+00
 -5.7116959295E+00
 -5.7116946012E+00
 -5.7116943083E+00
 -5.7116945268E+00
 -5.7116946900E+00
 -5.7116942608E+00
 -5.7116934077E+00
 -5.7116931040E+00
 -5.7116941816E+00
 -5.7116962932E+00
 -5.7116981387E+00
 -5.7116984463E+00
 -5.7116977290E+00
 -5.7116958065E+00
 -5.7116920080E+00
 -5.7116875386E+00
 -5.7116831666E+00
 -5.7116794703E+00
 -5.7116770451E+00
 -5.7116775010E+00
 -5.7116816596E+00
 -5.7116895005E+00
 -5.7116998971E+00
 -5.7117106503E+00
 -5.7117195567E+00
 -5.7117249616E+00
 -5.7117282308E+00
 -5.7117294240E+00
 -5.7117289598E+00
 -5.7117284533E+00
 -5.7117278146E+00
 -5.7117260252E+00
 -5.7117225880E+00
 -5.7117188713E+00
 -5.7117164976E+00
 -5.7117155000E+00
 -5.7117143570E+00
 -5.7117117916E+00
 -5.7117082699E+00
 -5.7117047491E+00
 -5.7117021864E+00
 -5.7117007092E+00
 -5.7116999894E+00
 -5.7117001810E+00
 -5.7117012607E+00
 -5.7117017310E+00
 -5.7116996968E+00
 -5.7116956700E+00
 -5.7116908321E+00
 -5.7116877900E+00
 -5.7116867955E+00
 -5.7116868802E+00
 -5.7116866144E+00
 -5.7116850761E+00
 -5.7116827839E+00
 -5.7116807001E+00
 -5.7116794315E+00
 -5.7116794312E+00
 -5.7116813993E+00
 -5.7116854153E+00
 -5.7116914962E+00
 -5.7116983406E+00
 -5.7117054204E+00
 -5.7117123826E+00
 -5.7117180730E+00
 -5.7117220311E+00
 -5.7117241133E+00
 -5.7117235593E+00
 -5.7117202332E+00
 -5.7117133183E+00
 -5.7117043439E+00
 -5.7116955036E+00
 -5.7116886115E+00
 -5.7116857557E+00
 -5.7116881848E+00
 -5.7116957456E+00
 -5.7117071267E+00
 -5.7117206037E+00
 -5.7117339110E+00
 -5.7117431781E+00
 -5.7117468491E+00
 -5.7117426263E+00
 -5.7117322182E+00
 -5.7117194181E+00
 -5.7117101940E+00
 -5.7117070840E+00
 -5.7117080279E+00
 -5.7117108560E+00
 -5.7117135450E+00
 -5.7117155690E+00
 -5.7117160088E+00
 -5.7117142772E+00
 -5.7117102101E+00
 -5.7117050541E+00
 -5.7116998718E+00
 -5.7116950339E+00
 -5.7116904632E+00
 -5.7116854974E+00
 -5.7116802532E+00
 -5.7116758963E+00
 -5.7116737183E+00
 -5.7116745016E+00
 -5.7116786270E+00
 -5.7116857182E+00
 -5.7116951699E+00
 -5.7117057041E+00
 -5.7117175187E+00
 -5.7117311751E+00
 -5.7117454283E+00
 -5.7117587562E+00
 -5.7117691973E+00
 -5.7117753120E+00
 -5.7117760004E+00
 -5.7117720990E+00
 -5.7117657259E+00
 -5.7117583209E+00
 -5.7117503407E+00
 -5.7117414254E+00
 -5.7117313528E+00
 -5.7117203218E+00
 -5.7117103693E+00
 -5.7117023052E+00
 -5.7116967663E+00
 -5.7116950700E+00
 -5.7116960283E+00
 -5.7116980680E+00
 -5.7116998223E+00
 -5.7117006831E+00
 -5.7117014361E+00
 -5.7117028103E+00
 -5.7117044980E+00
 -5.7117059037E+00
 -5.7117071293E+00
 -5.7117075662E+00
 -5.7117077526E+00
 -5.7117075084E+00
 -5.7117063080E+00
 -5.7117050421E+00
 -5.7117044017E+00
 -5.7117041153E+00
 -5.7117029729E+00
 -5.7116998762E+00
 -5.7116974812E+00
 -5.7116988635E+00
 -5.7117024657E+00
 -5.7117057105E+00
 -5.7117074112E+00
 -5.7117081165E+00
 -5.7117095430E+00
 -5.7117128465E+00
 -5.7117178145E+00
 -5.7117236804E+00
 -5.7117295554E+00
 -5.7117340556E+00
 -5.7117360369E+00
 -5.7117363189E+00
 -5.7117363130E+00
 -5.7117363787E+00
 -5.7117361402E+00
 -5.7117348625E+00
 -5.7117315717E+00
 -5.7117263541E+00
 -5.7117196115E+00
 -5.7117101338E+00
 -5.7116972829E+00
 -5.7116831256E+00
 -5.7116698630E+00
 -5.7116596946E+00
 -5.7116558124E+00
 -5.7116584887E+00
 -5.7116660429E+00
 -5.7116750435E+00
 -5.7116831539E+00
 -5.7116897816E+00
 -5.7116938789E+00
 -5.7116951329E+00
 -5.7116942108E+00
 -5.7116918689E+00
 -5.7116885585E+00
 -5.7116847528E+00
 -5.7116815691E+00
 -5.7116796899E+00
 -5.7116802975E+00
 -5.7116835877E+00
 -5.7116879349E+00
 -5.7116916251E+00
 -5.7116929662E+00
 -5.7116907511E+00
 -5.7116849897E+00
 -5.7116775180E+00
 -5.7116701581E+00
 -5.7116646215E+00
 -5.7116617615E+00
 -5.7116606549E+00
 -5.7116603381E+00
 -5.7116604126E+00
 -5.7116602073E+00
 -5.7116595394E+00
 -5.7116584602E+00
 -5.7116582154E+00
 -5.7116585374E+00
 -5.7116593636E+00
 -5.7116598724E+00
 -5.7116603978E+00
 -5.7116620221E+00
 -5.7116652907E+00
 -5.7116705658E+00
 -5.7116776731E+00
 -5.7116840864E+00
 -5.7116875777E+00
 -5.7116881409E+00
 -5.7116868949E+00
 -5.7116834799E+00
 -5.7116789765E+00
 -5.7116753825E+00
 -5.7116742402E+00
 -5.7116755280E+00
 -5.7116786966E+00
 -5.7116823479E+00
 -5.7116861759E+00
 -5.7116897018E+00
 -5.7116927414E+00
 -5.7116950084E+00
 -5.7116970318E+00
 -5.7117002802E+00
 -5.7117049381E+00
 -5.7117111738E+00
 -5.7117179221E+00
 -5.7117239000E+00
 -5.7117280713E+00
 -5.7117297244E+00
 -5.7117283920E+00
 -5.7117240136E+00
 -5.7117182133E+00
 -5.7117121747E+00
 -5.7117068930E+00
 -5.7117033415E+00
 -5.7117009637E+00
 -5.7116982788E+00
 -5.7116946429E+00
 -5.7116900048E+00
 -5.7116844074E+00
 -5.7116779253E+00
 -5.7116698160E+00
 -5.7116605302E+00
 -5.7116499785E+00
 -5.7116403602E+00
 -5.7116331916E+00
 -5.7116303340E+00
 -5.7116325846E+00
 -5.7116383552E+00
 -5.7116463955E+00
 -5.7116553938E+00
 -5.7116653647E+00
 -5.7116768343E+00
 -5.7116891994E+00
 -5.7116998002E+00
 -5.7117064742E+00
 -5.7117084319E+00
 -5.7117068982E+00
 -5.7117041649E+00
 -5.7117021807E+00
 -5.7117015368E+00
 -5.7117015362E+00
 -5.7117002771E+00
 -5.7116955935E+00
 -5.7116881451E+00
 -5.7116794675E+00
 -5.7116714342E+00
 -5.7116659740E+00
 -5.7116642614E+00
 -5.7116660601E+00
 -5.7116700099E+00
 -5.7116751549E+00
 -5.7116816372E+00
 -5.7116901088E+00
 -5.7117007177E+00
 -5.7117111957E+00
 -5.7117185818E+00
 -5.7117205612E+00
 -5.7117178778E+00
 -5.7117130605E+00
 -5.7117087648E+00
 -5.7117065919E+00
 -5.7117075156E+00
 -5.7117114416E+00
 -5.7117172267E+00
 -5.7117230518E+00
 -5.7117272620E+00
 -5.7117290891E+00
 -5.7117279191E+00
 -5.7117237115E+00
 -5.7117170170E+00
 -5.7117078831E+00
 -5.7116966688E+00
 -5.7116848569E+00
 -5.7116750056E+00
 -5.7116692129E+00
 -5.7116683112E+00
 -5.7116722494E+00
 -5.7116793261E+00
 -5.7116883429E+00
 -5.7116990935E+00
 -5.7117096696E+00
 -5.7117174323E+00
 -5.7117227487E+00
 -5.7117265705E+00
 -5.7117294784E+00
 -5.7117313839E+00
 -5.7117311759E+00
 -5.7117275313E+00
 -5.7117205287E+00
 -5.7117109995E+00
 -5.7116993024E+00
 -5.7116863798E+00
 -5.7116736844E+00
 -5.7116621230E+00
 -5.7116516487E+00
 -5.7116427723E+00
 -5.7116367010E+00
 -5.7116346579E+00
 -5.7116375954E+00
 -5.7116445644E+00
 -5.7116535080E+00
 -5.7116611738E+00
 -5.7116656577E+00
 -5.7116670505E+00
 -5.7116674940E+00
 -5.7116674697E+00
 -5.7116677416E+00
 -5.7116687864E+00
 -5.7116703498E+00
 -5.7116717957E+00
 -5.7116719529E+00
 -5.7116707788E+00
 -5.7116695534E+00
 -5.7116698180E+00
 -5.7116710908E+00
 -5.7116715896E+00
 -5.7116702376E+00
 -5.7116649858E+00
 -5.7116564660E+00
 -5.7116467990E+00
 -5.7116376358E+00
 -5.7116316986E+00
 -5.7116300658E+00
 -5.7116332650E+00
 -5.7116403826E+00
 -5.7116497488E+00
 -5.7116596620E+00
 -5.7116691416E+00
 -5.7116770231E+00
 -5.7116823699E+00
 -5.7116841047E+00
 -5.7116828511E+00
 -5.7116814454E+00
 -5.7116810744E+00
 -5.7116808512E+00
 -5.7116803388E+00
 -5.7116781466E+00
 -5.7116750294E+00
 -5.7116705735E+00
 -5.7116648666E+00
 -5.7116574210E+00
 -5.7116489826E+00
 -5.7116413699E+00
 -5.7116346549E+00
 -5.7116273170E+00
 -5.7116195758E+00
 -5.7116122772E+00
 -5.7116068187E+00
 -5.7116045590E+00
 -5.7116067327E+00
 -5.7116142973E+00
 -5.7116253466E+00
 -5.7116382738E+00
 -5.7116515767E+00
 -5.7116637410E+00
 -5.7116740495E+00
 -5.7116829206E+00
 -5.7116896776E+00
 -5.7116940323E+00
 -5.7116952826E+00
 -5.7116933229E+00
 -5.7116893338E+00
 -5.7116851279E+00
 -5.7116815609E+00
 -5.7116785322E+00
 -5.7116751583E+00
 -5.7116695319E+00
 -5.7116606956E+00
 -5.7116494614E+00
 -5.7116374912E+00
 -5.7116282045E+00
 -5.7116238412E+00
 -5.7116256705E+00
 -5.7116308125E+00
 -5.7116367547E+00
 -5.7116423810E+00
 -5.7116484524E+00
 -5.7116554304E+00
 -5.7116634876E+00
 -5.7116708916E+00
 -5.7116754789E+00
 -5.7116758225E+00
 -5.7116726112E+00
 -5.7116674704E+00
 -5.7116616982E+00
 -5.7116563989E+00
 -5.7116524541E+00
 -5.7116507207E+00
 -5.7116499924E+00
 -5.7116490076E+00
 -5.7116472623E+00
 -5.7116460453E+00
 -5.7116465084E+00
 -5.7116498009E+00
 -5.7116545822E+00
 -5.7116593679E+00
 -5.7116632125E+00
 -5.7116662180E+00
 -5.7116690112E+00
 -5.7116726868E+00
 -5.7116797068E+00
 -5.7116880611E+00
 -5.7116946926E+00
 -5.7116984622E+00
 -5.7117011019E+00
 -5.7117028286E+00
 -5.7117039991E+00
 -5.7117045517E+00
 -5.7117043383E+00
 -5.7117021996E+00
 -5.7116966841E+00
 -5.7116880554E+00
 -5.7116783417E+00
 -5.7116692731E+00
 -5.7116609679E+00
 -5.7116532707E+00
 -5.7116474958E+00
 -5.7116430769E+00
 -5.7116392666E+00
 -5.7116359202E+00
 -5.7116341482E+00
 -5.7116350612E+00
 -5.7116373191E+00
 -5.7116397475E+00
 -5.7116404246E+00
 -5.7116399114E+00
 -5.7116389831E+00
 -5.7116398339E+00
 -5.7116436051E+00
 -5.7116491197E+00
 -5.7116546502E+00
 -5.7116589600E+00
 -5.7116612679E+00
 -5.7116619130E+00
 -5.7116620776E+00
 -5.7116642724E+00
 -5.7116693807E+00
 -5.7116765822E+00
 -5.7116841614E+00
 -5.7116905718E+00
 -5.7116959885E+00
 -5.7117006780E+00
 -5.7117041312E+00
 -5.7117057764E+00
 -5.7117050758E+00
 -5.7117015530E+00
 -5.7116957761E+00
 -5.7116893187E+00
 -5.7116838656E+00
 -5.7116793124E+00
 -5.7116750305E+00
 -5.7116714579E+00
 -5.7116694094E+00
 -5.7116701093E+00
 -5.7116733018E+00
 -5.7116762533E+00
 -5.7116777334E+00
 -5.7116780965E+00
 -5.7116778457E+00
 -5.7116778605E+00
 -5.7116777968E+00
 -5.7116775744E+00
 -5.7116767049E+00
 -5.7116746363E+00
 -5.7116707089E+00
 -5.7116639486E+00
 -5.7116552413E+00
 -5.7116466730E+00
 -5.7116414716E+00
 -5.7116394680E+00
 -5.7116400282E+00
 -5.7116407912E+00
 -5.7116407186E+00
 -5.7116394548E+00
 -5.7116358282E+00
 -5.7116305607E+00
 -5.7116251984E+00
 -5.7116213161E+00
 -5.7116208856E+00
 -5.7116241876E+00
 -5.7116301993E+00
 -5.7116372966E+00
 -5.7116450497E+00
 -5.7116536538E+00
 -5.7116632656E+00
 -5.7116730174E+00
 -5.7116810907E+00
 -5.7116854948E+00
 -5.7116854431E+00
 -5.7116820963E+00
 -5.7116759944E+00
 -5.7116677706E+00
 -5.7116579744E+00
 -5.7116471405E+00
 -5.7116378144E+00
 -5.7116327233E+00
 -5.7116312167E+00
 -5.7116319320E+00
 -5.7116335497E+00
 -5.7116352215E+00
 -5.7116368229E+00
 -5.7116384549E+00
 -5.7116399977E+00
 -5.7116414408E+00
 -5.7116421406E+00
 -5.7116416560E+00
 -5.7116407305E+00
 -5.7116399745E+00
 -5.7116392129E+00
 -5.7116383450E+00
 -5.7116359290E+00
 -5.7116319174E+00
 -5.7116270020E+00
 -5.7116238273E+00
 -5.7116253824E+00
 -5.7116311397E+00
 -5.7116407147E+00
 -5.7116518730E+00
 -5.7116607319E+00
 -5.7116662189E+00
 -5.7116689509E+00
 -5.7116692616E+00
 -5.7116682373E+00
 -5.7116664298E+00
 -5.7116641943E+00
 -5.7116611330E+00
 -5.7116570620E+00
 -5.7116526119E+00
 -5.7116477639E+00
 -5.7116429054E+00
 -5.7116388891E+00
 -5.7116359580E+00
 -5.7116341038E+00
 -5.7116341099E+00
 -5.7116343845E+00
 -5.7116335443E+00
 -5.7116306650E+00
 -5.7116264212E+00
 -5.7116224670E+00
 -5.7116200951E+00
 -5.7116196868E+00
 -5.7116211467E+00
 -5.7116234977E+00
 -5.7116258448E+00
 -5.7116281614E+00
 -5.7116313896E+00
 -5.7116344091E+00
 -5.7116349998E+00
 -5.7116331884E+00
 -5.7116293881E+00
 -5.7116238704E+00
 -5.7116181029E+00
 -5.7116122583E+00
 -5.7116080621E+00
 -5.7116061288E+00
 -5.7116063257E+00
 -5.7116095649E+00
 -5.7116151964E+00
 -5.7116242281E+00
 -5.7116371038E+00
 -5.7116501498E+00
 -5.7116603912E+00
 -5.7116667448E+00
 -5.7116700447E+00
 -5.7116705422E+00
 -5.7116688562E+00
 -5.7116668922E+00
 -5.7116658040E+00
