 -5.5904614918E+00
 -5.5904608479E+00
 -5.5904498703E+00
 -5.5904397997E+00
 -5.5904407785E+00
 -5.5904508778E+00
 -5.5904610755E+00
 -5.5904622856E+00
 -5.5904502127E+00
 -5.5904317063E+00
 -5.5904164343E+00
 -5.5904131848E+00
 -5.5904242986E+00
 -5.5904434412E+00
 -5.5904614054E+00
 -5.5904669932E+00
 -5.5904601570E+00
 -5.5904484499E+00
 -5.5904452929E+00
 -5.5904541633E+00
 -5.5904717968E+00
 -5.5904844697E+00
 -5.5904848824E+00
 -5.5904744197E+00
 -5.5904608336E+00
 -5.5904584603E+00
 -5.5904702600E+00
 -5.5904897512E+00
 -5.5905148755E+00
 -5.5905332381E+00
 -5.5905415034E+00
 -5.5905415621E+00
 -5.5905412738E+00
 -5.5905454277E+00
 -5.5905529948E+00
 -5.5905551816E+00
 -5.5905480198E+00
 -5.5905349364E+00
 -5.5905176908E+00
 -5.5904975412E+00
 -5.5904777343E+00
 -5.5904592490E+00
 -5.5904432905E+00
 -5.5904309051E+00
 -5.5904236673E+00
 -5.5904164501E+00
 -5.5904008669E+00
 -5.5903841246E+00
 -5.5903739187E+00
 -5.5903744745E+00
 -5.5903827781E+00
 -5.5903901697E+00
 -5.5903979216E+00
 -5.5904011689E+00
 -5.5904103047E+00
 -5.5904208389E+00
 -5.5904346757E+00
 -5.5904512471E+00
 -5.5904671468E+00
 -5.5904774793E+00
 -5.5904821171E+00
 -5.5904736529E+00
 -5.5904541388E+00
 -5.5904214139E+00
 -5.5903813769E+00
 -5.5903414981E+00
 -5.5903111800E+00
 -5.5902962403E+00
 -5.5902891540E+00
 -5.5902882429E+00
 -5.5902983330E+00
 -5.5903212262E+00
 -5.5903517215E+00
 -5.5903802243E+00
 -5.5904060170E+00
 -5.5904261305E+00
 -5.5904397553E+00
 -5.5904470372E+00
 -5.5904446620E+00
 -5.5904260576E+00
 -5.5903898143E+00
 -5.5903488364E+00
 -5.5903192852E+00
 -5.5902985125E+00
 -5.5902819157E+00
 -5.5902718096E+00
 -5.5902679182E+00
 -5.5902734199E+00
 -5.5902929533E+00
 -5.5903234970E+00
 -5.5903553452E+00
 -5.5903794513E+00
 -5.5903998379E+00
 -5.5904140678E+00
 -5.5904227607E+00
 -5.5904234909E+00
 -5.5904166712E+00
 -5.5904025918E+00
 -5.5903839100E+00
 -5.5903632343E+00
 -5.5903407205E+00
 -5.5903172107E+00
 -5.5902981020E+00
 -5.5902891384E+00
 -5.5902907790E+00
 -5.5902972003E+00
 -5.5903073187E+00
 -5.5903191559E+00
 -5.5903339339E+00
 -5.5903552815E+00
 -5.5903819172E+00
 -5.5904085341E+00
 -5.5904303488E+00
 -5.5904473673E+00
 -5.5904591821E+00
 -5.5904668324E+00
 -5.5904702558E+00
 -5.5904654588E+00
 -5.5904557911E+00
 -5.5904417018E+00
 -5.5904272459E+00
 -5.5904120724E+00
 -5.5903957962E+00
 -5.5903754398E+00
 -5.5903525201E+00
 -5.5903334486E+00
 -5.5903240177E+00
 -5.5903267140E+00
 -5.5903387953E+00
 -5.5903525738E+00
 -5.5903652826E+00
 -5.5903726159E+00
 -5.5903824338E+00
 -5.5903959129E+00
 -5.5904123914E+00
 -5.5904323171E+00
 -5.5904515586E+00
 -5.5904664806E+00
 -5.5904704795E+00
 -5.5904658040E+00
 -5.5904588100E+00
 -5.5904576686E+00
 -5.5904649496E+00
 -5.5904828744E+00
 -5.5905033749E+00
 -5.5905243336E+00
 -5.5905342350E+00
 -5.5905359638E+00
 -5.5905327329E+00
 -5.5905274334E+00
 -5.5905288910E+00
 -5.5905302104E+00
 -5.5905372952E+00
 -5.5905372620E+00
 -5.5905291246E+00
 -5.5905107538E+00
 -5.5904905482E+00
 -5.5904703941E+00
 -5.5904640136E+00
 -5.5904694530E+00
 -5.5904828831E+00
 -5.5905011338E+00
 -5.5905126207E+00
 -5.5905143595E+00
 -5.5905082736E+00
 -5.5905019751E+00
 -5.5904974369E+00
 -5.5904976530E+00
 -5.5905033604E+00
 -5.5905074703E+00
 -5.5905065518E+00
 -5.5904950121E+00
 -5.5904749896E+00
 -5.5904522445E+00
 -5.5904355619E+00
 -5.5904293174E+00
 -5.5904358954E+00
 -5.5904485235E+00
 -5.5904589356E+00
 -5.5904590558E+00
 -5.5904487473E+00
 -5.5904329162E+00
 -5.5904157736E+00
 -5.5903997112E+00
 -5.5903897883E+00
 -5.5903820366E+00
 -5.5903713890E+00
 -5.5903501989E+00
 -5.5903168175E+00
 -5.5902777771E+00
 -5.5902401329E+00
 -5.5902157209E+00
 -5.5902054145E+00
 -5.5902083244E+00
 -5.5902153173E+00
 -5.5902218515E+00
 -5.5902236173E+00
 -5.5902229202E+00
 -5.5902204091E+00
 -5.5902228691E+00
 -5.5902338895E+00
 -5.5902530811E+00
 -5.5902748962E+00
 -5.5902915258E+00
 -5.5902972433E+00
 -5.5902958997E+00
 -5.5902831321E+00
 -5.5902687232E+00
 -5.5902567500E+00
 -5.5902509332E+00
 -5.5902479684E+00
 -5.5902414214E+00
 -5.5902248514E+00
 -5.5901940464E+00
 -5.5901554169E+00
 -5.5901206513E+00
 -5.5900989769E+00
 -5.5900926377E+00
 -5.5900978042E+00
 -5.5901062263E+00
 -5.5901160351E+00
 -5.5901288540E+00
 -5.5901406442E+00
 -5.5901554079E+00
 -5.5901707677E+00
 -5.5901836189E+00
 -5.5901948265E+00
 -5.5902001072E+00
 -5.5901920280E+00
 -5.5901739233E+00
 -5.5901473386E+00
 -5.5901196331E+00
 -5.5900953744E+00
 -5.5900751022E+00
 -5.5900638839E+00
 -5.5900549797E+00
 -5.5900476193E+00
 -5.5900479789E+00
 -5.5900520438E+00
 -5.5900635445E+00
 -5.5900837183E+00
 -5.5901053553E+00
 -5.5901275176E+00
 -5.5901469866E+00
 -5.5901577024E+00
 -5.5901525868E+00
 -5.5901366119E+00
 -5.5901211081E+00
 -5.5901125260E+00
 -5.5901080864E+00
 -5.5900958041E+00
 -5.5900706835E+00
 -5.5900438074E+00
 -5.5900257717E+00
 -5.5900190588E+00
 -5.5900299026E+00
 -5.5900472873E+00
 -5.5900680161E+00
 -5.5900945935E+00
 -5.5901204913E+00
 -5.5901426449E+00
 -5.5901498089E+00
 -5.5901558273E+00
 -5.5901646476E+00
 -5.5901760173E+00
 -5.5901827742E+00
 -5.5901748811E+00
 -5.5901489320E+00
 -5.5901134415E+00
 -5.5900838939E+00
 -5.5900703091E+00
 -5.5900697537E+00
 -5.5900748315E+00
 -5.5900764523E+00
 -5.5900713368E+00
 -5.5900662611E+00
 -5.5900689433E+00
 -5.5900862605E+00
 -5.5901181780E+00
 -5.5901576243E+00
 -5.5901911880E+00
 -5.5902148836E+00
 -5.5902255453E+00
 -5.5902256502E+00
 -5.5902256751E+00
 -5.5902328136E+00
 -5.5902416276E+00
 -5.5902452438E+00
 -5.5902405136E+00
 -5.5902272203E+00
 -5.5902072869E+00
 -5.5901925612E+00
 -5.5901915761E+00
 -5.5902017088E+00
 -5.5902101889E+00
 -5.5902038100E+00
 -5.5901826732E+00
 -5.5901542541E+00
 -5.5901303767E+00
 -5.5901235838E+00
 -5.5901319855E+00
 -5.5901422503E+00
 -5.5901460195E+00
 -5.5901356568E+00
 -5.5901165253E+00
 -5.5901008626E+00
 -5.5900986266E+00
 -5.5901127013E+00
 -5.5901350786E+00
 -5.5901506731E+00
 -5.5901486455E+00
 -5.5901303460E+00
 -5.5901095204E+00
 -5.5901007998E+00
 -5.5901105990E+00
 -5.5901288892E+00
 -5.5901412542E+00
 -5.5901390525E+00
 -5.5901237283E+00
 -5.5901041377E+00
 -5.5900937236E+00
 -5.5901001682E+00
 -5.5901199621E+00
 -5.5901404690E+00
 -5.5901463698E+00
 -5.5901327279E+00
 -5.5901079487E+00
 -5.5900900283E+00
 -5.5900907303E+00
 -5.5901054783E+00
 -5.5901244412E+00
 -5.5901380754E+00
 -5.5901392951E+00
 -5.5901305079E+00
 -5.5901209148E+00
 -5.5901251715E+00
 -5.5901487478E+00
 -5.5901757779E+00
 -5.5901954671E+00
 -5.5901995232E+00
 -5.5901878794E+00
 -5.5901751037E+00
 -5.5901689194E+00
 -5.5901777842E+00
 -5.5901917066E+00
 -5.5902025863E+00
 -5.5902040801E+00
 -5.5901914644E+00
 -5.5901671351E+00
 -5.5901426316E+00
 -5.5901259365E+00
 -5.5901187282E+00
 -5.5901109993E+00
 -5.5900973948E+00
 -5.5900783911E+00
 -5.5900487522E+00
 -5.5900164923E+00
 -5.5899962902E+00
 -5.5899949433E+00
 -5.5900066367E+00
 -5.5900211349E+00
 -5.5900329086E+00
 -5.5900377728E+00
 -5.5900396246E+00
 -5.5900469976E+00
 -5.5900637515E+00
 -5.5900860913E+00
 -5.5901072165E+00
 -5.5901159636E+00
 -5.5901078058E+00
 -5.5900826826E+00
 -5.5900517520E+00
 -5.5900163339E+00
 -5.5899816423E+00
 -5.5899536919E+00
 -5.5899383965E+00
 -5.5899291486E+00
 -5.5899168799E+00
 -5.5899040983E+00
 -5.5899055325E+00
 -5.5899264357E+00
 -5.5899623366E+00
 -5.5900028285E+00
 -5.5900335940E+00
 -5.5900425483E+00
 -5.5900355290E+00
 -5.5900267808E+00
 -5.5900145309E+00
 -5.5899961360E+00
 -5.5899699132E+00
 -5.5899414454E+00
 -5.5899188113E+00
 -5.5898953676E+00
 -5.5898736328E+00
 -5.5898587906E+00
 -5.5898572270E+00
 -5.5898746720E+00
 -5.5899086072E+00
 -5.5899467246E+00
 -5.5899750451E+00
 -5.5899862558E+00
 -5.5899869380E+00
 -5.5899900612E+00
 -5.5899987583E+00
 -5.5900081426E+00
 -5.5900085535E+00
 -5.5899976189E+00
 -5.5899781081E+00
 -5.5899509739E+00
 -5.5899185802E+00
 -5.5898954912E+00
 -5.5898867409E+00
 -5.5898916244E+00
 -5.5899060843E+00
 -5.5899208347E+00
 -5.5899294616E+00
 -5.5899353561E+00
 -5.5899434735E+00
 -5.5899592435E+00
 -5.5899881327E+00
 -5.5900243295E+00
 -5.5900577099E+00
 -5.5900816951E+00
 -5.5900899163E+00
 -5.5900841241E+00
 -5.5900703721E+00
 -5.5900558093E+00
 -5.5900451241E+00
 -5.5900381737E+00
 -5.5900282166E+00
 -5.5900115198E+00
 -5.5899895973E+00
 -5.5899590503E+00
 -5.5899316643E+00
 -5.5899174996E+00
 -5.5899249109E+00
 -5.5899501639E+00
 -5.5899842631E+00
 -5.5900142004E+00
 -5.5900336371E+00
 -5.5900437789E+00
 -5.5900504193E+00
 -5.5900616750E+00
 -5.5900823353E+00
 -5.5901076482E+00
 -5.5901343659E+00
 -5.5901468296E+00
 -5.5901482529E+00
 -5.5901357059E+00
 -5.5901204442E+00
 -5.5901133741E+00
 -5.5901236460E+00
 -5.5901470173E+00
 -5.5901745402E+00
 -5.5901970492E+00
 -5.5902053569E+00
 -5.5901985516E+00
 -5.5901829696E+00
 -5.5901717202E+00
 -5.5901692994E+00
 -5.5901774386E+00
 -5.5901862460E+00
 -5.5901888960E+00
 -5.5901768904E+00
 -5.5901541875E+00
 -5.5901270879E+00
 -5.5901053255E+00
 -5.5900998406E+00
 -5.5901118849E+00
 -5.5901355636E+00
 -5.5901574239E+00
 -5.5901723627E+00
 -5.5901758371E+00
 -5.5901667904E+00
 -5.5901586583E+00
 -5.5901571550E+00
 -5.5901649491E+00
 -5.5901803255E+00
 -5.5901925679E+00
 -5.5901949003E+00
 -5.5901843097E+00
 -5.5901661141E+00
 -5.5901468165E+00
 -5.5901389083E+00
 -5.5901472940E+00
 -5.5901696762E+00
 -5.5901956321E+00
 -5.5902155230E+00
 -5.5902211618E+00
 -5.5902131281E+00
 -5.5901976337E+00
 -5.5901839557E+00
 -5.5901770488E+00
 -5.5901755540E+00
 -5.5901737925E+00
 -5.5901663435E+00
 -5.5901463324E+00
 -5.5901155224E+00
 -5.5900809674E+00
 -5.5900494226E+00
 -5.5900294438E+00
 -5.5900250285E+00
 -5.5900278660E+00
 -5.5900286032E+00
 -5.5900251834E+00
 -5.5900141926E+00
 -5.5900016154E+00
 -5.5899941002E+00
 -5.5899988745E+00
 -5.5900137871E+00
 -5.5900324076E+00
 -5.5900462622E+00
 -5.5900576420E+00
 -5.5900667994E+00
 -5.5900734150E+00
 -5.5900781301E+00
 -5.5900874657E+00
 -5.5901013347E+00
 -5.5901120965E+00
 -5.5901138668E+00
 -5.5901049402E+00
 -5.5900848560E+00
 -5.5900555906E+00
 -5.5900238215E+00
 -5.5899958093E+00
 -5.5899759042E+00
 -5.5899619402E+00
 -5.5899488930E+00
 -5.5899383049E+00
 -5.5899317756E+00
 -5.5899360889E+00
 -5.5899558153E+00
 -5.5899929883E+00
 -5.5900353360E+00
 -5.5900684032E+00
 -5.5900860669E+00
 -5.5900858403E+00
 -5.5900728505E+00
 -5.5900555981E+00
 -5.5900388122E+00
 -5.5900249546E+00
 -5.5900094201E+00
 -5.5899870110E+00
 -5.5899572215E+00
 -5.5899290255E+00
 -5.5899121803E+00
 -5.5899141856E+00
 -5.5899343439E+00
 -5.5899691855E+00
 -5.5900067810E+00
 -5.5900357828E+00
 -5.5900493661E+00
 -5.5900528371E+00
 -5.5900570268E+00
 -5.5900591285E+00
 -5.5900573809E+00
 -5.5900535776E+00
 -5.5900473732E+00
 -5.5900338874E+00
 -5.5900091471E+00
 -5.5899816324E+00
 -5.5899622946E+00
 -5.5899574791E+00
 -5.5899703541E+00
 -5.5899939367E+00
 -5.5900171391E+00
 -5.5900318419E+00
 -5.5900445929E+00
 -5.5900591454E+00
 -5.5900798357E+00
 -5.5901002756E+00
 -5.5901175395E+00
 -5.5901278746E+00
 -5.5901304893E+00
 -5.5901294775E+00
 -5.5901224904E+00
 -5.5901067774E+00
 -5.5900867274E+00
 -5.5900706850E+00
 -5.5900665131E+00
 -5.5900715100E+00
 -5.5900752074E+00
 -5.5900708954E+00
 -5.5900612315E+00
 -5.5900605074E+00
 -5.5900749304E+00
 -5.5901034565E+00
 -5.5901347288E+00
 -5.5901617166E+00
 -5.5901847812E+00
 -5.5902058392E+00
 -5.5902216075E+00
 -5.5902324298E+00
 -5.5902438808E+00
 -5.5902565290E+00
 -5.5902650534E+00
 -5.5902641939E+00
 -5.5902516788E+00
 -5.5902303617E+00
 -5.5902093762E+00
 -5.5901959688E+00
 -5.5901949632E+00
 -5.5901994344E+00
 -5.5902013682E+00
 -5.5901954275E+00
 -5.5901799621E+00
 -5.5901629724E+00
 -5.5901518326E+00
 -5.5901557056E+00
 -5.5901714742E+00
 -5.5901870016E+00
 -5.5901893519E+00
 -5.5901793909E+00
 -5.5901628182E+00
 -5.5901537799E+00
 -5.5901570050E+00
 -5.5901716180E+00
 -5.5901913241E+00
 -5.5902062285E+00
 -5.5902103980E+00
 -5.5902038184E+00
 -5.5901976844E+00
 -5.5902015371E+00
 -5.5902180171E+00
 -5.5902365324E+00
 -5.5902425326E+00
 -5.5902327465E+00
 -5.5902144301E+00
 -5.5901978494E+00
 -5.5901918926E+00
 -5.5901973991E+00
 -5.5902094175E+00
 -5.5902208502E+00
 -5.5902234486E+00
 -5.5902146729E+00
 -5.5902007205E+00
 -5.5901923670E+00
 -5.5901979308E+00
 -5.5902133552E+00
 -5.5902240695E+00
 -5.5902242889E+00
 -5.5902141054E+00
 -5.5901995923E+00
 -5.5901911890E+00
 -5.5901985311E+00
 -5.5902163895E+00
 -5.5902376240E+00
 -5.5902533085E+00
 -5.5902616322E+00
 -5.5902650165E+00
 -5.5902688186E+00
 -5.5902806184E+00
 -5.5903012824E+00
 -5.5903202791E+00
 -5.5903302875E+00
 -5.5903244472E+00
 -5.5903133674E+00
 -5.5903057281E+00
 -5.5903000933E+00
 -5.5902975506E+00
 -5.5902931526E+00
 -5.5902804673E+00
 -5.5902612103E+00
 -5.5902382602E+00
 -5.5902169494E+00
 -5.5902004914E+00
 -5.5901900959E+00
 -5.5901843979E+00
 -5.5901791993E+00
 -5.5901722537E+00
 -5.5901663070E+00
 -5.5901641723E+00
 -5.5901726826E+00
 -5.5901900277E+00
 -5.5902142144E+00
 -5.5902396015E+00
 -5.5902573994E+00
 -5.5902648431E+00
 -5.5902682589E+00
 -5.5902698284E+00
 -5.5902694275E+00
 -5.5902616430E+00
 -5.5902394307E+00
 -5.5902040917E+00
 -5.5901623696E+00
 -5.5901294266E+00
 -5.5901067678E+00
 -5.5900964171E+00
 -5.5900956849E+00
 -5.5901110142E+00
 -5.5901385486E+00
 -5.5901719668E+00
 -5.5902016438E+00
 -5.5902171892E+00
 -5.5902260713E+00
 -5.5902426491E+00
 -5.5902576529E+00
 -5.5902585588E+00
 -5.5902381153E+00
 -5.5902012400E+00
 -5.5901630340E+00
 -5.5901284786E+00
 -5.5901068554E+00
 -5.5900976202E+00
 -5.5900958968E+00
 -5.5901026146E+00
 -5.5901192788E+00
 -5.5901450571E+00
 -5.5901737846E+00
 -5.5901967445E+00
 -5.5902196526E+00
 -5.5902445426E+00
 -5.5902674523E+00
 -5.5902787101E+00
 -5.5902717638E+00
 -5.5902478392E+00
 -5.5902213288E+00
 -5.5901966703E+00
 -5.5901758745E+00
 -5.5901600707E+00
 -5.5901506948E+00
 -5.5901463408E+00
 -5.5901491817E+00
 -5.5901575590E+00
 -5.5901699960E+00
 -5.5901880017E+00
 -5.5902124770E+00
 -5.5902424573E+00
 -5.5902764546E+00
 -5.5903095971E+00
 -5.5903341960E+00
 -5.5903469472E+00
 -5.5903502099E+00
 -5.5903484818E+00
 -5.5903422233E+00
 -5.5903319239E+00
 -5.5903198668E+00
 -5.5903072440E+00
 -5.5902942736E+00
 -5.5902779181E+00
 -5.5902571461E+00
 -5.5902368777E+00
 -5.5902256586E+00
 -5.5902223029E+00
 -5.5902308274E+00
 -5.5902539175E+00
 -5.5902818096E+00
 -5.5903108757E+00
 -5.5903346169E+00
 -5.5903510384E+00
 -5.5903651361E+00
 -5.5903818087E+00
 -5.5904007598E+00
 -5.5904200974E+00
 -5.5904386944E+00
 -5.5904530494E+00
 -5.5904566864E+00
 -5.5904511076E+00
 -5.5904413058E+00
 -5.5904378468E+00
 -5.5904455054E+00
 -5.5904632439E+00
 -5.5904806969E+00
 -5.5904979344E+00
 -5.5905036962E+00
 -5.5905036649E+00
 -5.5904937970E+00
 -5.5904868742E+00
 -5.5904800106E+00
 -5.5904801394E+00
 -5.5904814858E+00
 -5.5904804201E+00
 -5.5904711771E+00
 -5.5904526218E+00
 -5.5904309877E+00
 -5.5904129035E+00
 -5.5904056163E+00
 -5.5904108638E+00
 -5.5904254269E+00
 -5.5904451407E+00
 -5.5904602661E+00
 -5.5904661196E+00
 -5.5904629360E+00
 -5.5904581465E+00
 -5.5904561728E+00
 -5.5904575865E+00
 -5.5904667545E+00
 -5.5904768676E+00
 -5.5904826592E+00
 -5.5904774926E+00
 -5.5904659952E+00
 -5.5904522899E+00
 -5.5904455018E+00
 -5.5904473603E+00
 -5.5904602362E+00
 -5.5904800732E+00
 -5.5905001430E+00
 -5.5905126520E+00
 -5.5905129128E+00
 -5.5905068304E+00
 -5.5904961508E+00
 -5.5904883312E+00
 -5.5904832258E+00
 -5.5904780036E+00
 -5.5904699335E+00
 -5.5904554690E+00
 -5.5904319498E+00
 -5.5904022679E+00
 -5.5903705324E+00
 -5.5903441074E+00
 -5.5903274652E+00
 -5.5903184298E+00
 -5.5903131935E+00
 -5.5903061235E+00
 -5.5902946346E+00
 -5.5902799247E+00
 -5.5902691302E+00
 -5.5902650824E+00
 -5.5902696462E+00
 -5.5902803258E+00
 -5.5902931698E+00
 -5.5903065619E+00
 -5.5903235263E+00
 -5.5903407044E+00
 -5.5903538029E+00
 -5.5903638146E+00
 -5.5903682757E+00
 -5.5903669834E+00
 -5.5903575394E+00
 -5.5903458030E+00
 -5.5903296671E+00
 -5.5903048803E+00
 -5.5902755770E+00
 -5.5902450843E+00
 -5.5902161653E+00
 -5.5901946593E+00
 -5.5901799391E+00
 -5.5901747424E+00
 -5.5901822925E+00
 -5.5901966414E+00
 -5.5902204678E+00
 -5.5902481370E+00
 -5.5902714008E+00
 -5.5902867101E+00
 -5.5902929448E+00
 -5.5902925716E+00
 -5.5902860947E+00
 -5.5902719318E+00
 -5.5902536829E+00
 -5.5902333730E+00
 -5.5902089805E+00
 -5.5901838750E+00
 -5.5901580214E+00
 -5.5901396779E+00
 -5.5901318064E+00
 -5.5901395252E+00
 -5.5901606895E+00
 -5.5901858542E+00
 -5.5902094649E+00
 -5.5902249446E+00
 -5.5902352372E+00
 -5.5902466079E+00
 -5.5902525403E+00
 -5.5902515774E+00
 -5.5902400965E+00
 -5.5902243016E+00
 -5.5902062980E+00
 -5.5901873643E+00
 -5.5901678460E+00
 -5.5901515836E+00
 -5.5901402820E+00
 -5.5901418350E+00
 -5.5901479704E+00
 -5.5901591405E+00
 -5.5901738222E+00
 -5.5901897365E+00
 -5.5902093587E+00
 -5.5902283661E+00
 -5.5902455369E+00
 -5.5902533574E+00
 -5.5902500564E+00
 -5.5902451159E+00
 -5.5902430780E+00
 -5.5902461117E+00
 -5.5902412877E+00
 -5.5902224958E+00
 -5.5901955792E+00
 -5.5901703590E+00
 -5.5901580462E+00
 -5.5901586719E+00
 -5.5901648918E+00
 -5.5901702504E+00
 -5.5901740933E+00
 -5.5901853818E+00
 -5.5902062284E+00
 -5.5902302968E+00
 -5.5902565901E+00
 -5.5902850876E+00
 -5.5903125808E+00
 -5.5903330262E+00
 -5.5903410250E+00
 -5.5903347726E+00
 -5.5903217926E+00
 -5.5903121247E+00
 -5.5903092002E+00
 -5.5903056608E+00
 -5.5902930685E+00
 -5.5902728090E+00
 -5.5902476638E+00
 -5.5902267318E+00
 -5.5902169743E+00
 -5.5902201083E+00
 -5.5902297673E+00
 -5.5902392561E+00
 -5.5902394338E+00
 -5.5902291055E+00
 -5.5902181481E+00
 -5.5902156525E+00
 -5.5902262139E+00
 -5.5902389259E+00
 -5.5902460485E+00
 -5.5902398843E+00
 -5.5902314409E+00
 -5.5902245571E+00
 -5.5902268565E+00
 -5.5902402221E+00
 -5.5902615759E+00
 -5.5902841843E+00
 -5.5902978773E+00
 -5.5902990969E+00
 -5.5902914310E+00
 -5.5902854730E+00
 -5.5902869285E+00
 -5.5902938504E+00
 -5.5902969574E+00
 -5.5902892419E+00
 -5.5902742368E+00
 -5.5902581026E+00
 -5.5902484951E+00
 -5.5902478161E+00
 -5.5902561953E+00
 -5.5902694080E+00
 -5.5902783106E+00
 -5.5902743773E+00
 -5.5902595592E+00
 -5.5902402693E+00
 -5.5902292178E+00
 -5.5902281045E+00
 -5.5902303332E+00
 -5.5902260780E+00
 -5.5902111215E+00
 -5.5901896081E+00
 -5.5901741312E+00
 -5.5901709435E+00
 -5.5901835153E+00
 -5.5902046656E+00
 -5.5902266005E+00
 -5.5902389538E+00
 -5.5902367000E+00
 -5.5902315085E+00
 -5.5902337544E+00
 -5.5902449767E+00
 -5.5902613587E+00
 -5.5902731075E+00
 -5.5902736095E+00
 -5.5902676706E+00
 -5.5902603664E+00
 -5.5902558779E+00
 -5.5902534871E+00
 -5.5902528215E+00
 -5.5902517987E+00
 -5.5902465603E+00
 -5.5902348317E+00
 -5.5902149915E+00
 -5.5901845177E+00
 -5.5901517222E+00
 -5.5901246135E+00
 -5.5901080627E+00
 -5.5900989623E+00
 -5.5900918793E+00
 -5.5900889648E+00
 -5.5900931892E+00
 -5.5901078854E+00
 -5.5901298523E+00
 -5.5901551723E+00
 -5.5901796985E+00
 -5.5901976976E+00
 -5.5902080890E+00
 -5.5902097019E+00
 -5.5902004601E+00
 -5.5901781588E+00
 -5.5901406316E+00
 -5.5900933965E+00
 -5.5900531830E+00
 -5.5900305609E+00
 -5.5900192998E+00
 -5.5900084851E+00
 -5.5900015452E+00
 -5.5900076676E+00
 -5.5900296069E+00
 -5.5900665291E+00
 -5.5901082108E+00
 -5.5901364707E+00
 -5.5901472751E+00
 -5.5901506993E+00
 -5.5901454480E+00
 -5.5901258750E+00
 -5.5900929621E+00
 -5.5900580341E+00
 -5.5900292532E+00
 -5.5900068208E+00
 -5.5899892273E+00
 -5.5899739136E+00
 -5.5899640087E+00
 -5.5899688820E+00
 -5.5899938797E+00
 -5.5900325395E+00
 -5.5900723278E+00
 -5.5900994972E+00
 -5.5901122365E+00
 -5.5901184557E+00
 -5.5901192238E+00
 -5.5901141705E+00
 -5.5901000839E+00
 -5.5900794670E+00
 -5.5900607966E+00
 -5.5900410619E+00
 -5.5900182804E+00
 -5.5899969884E+00
 -5.5899817338E+00
 -5.5899794717E+00
 -5.5899940276E+00
 -5.5900188304E+00
 -5.5900426261E+00
 -5.5900591866E+00
 -5.5900708357E+00
 -5.5900822979E+00
 -5.5900992310E+00
 -5.5901206996E+00
 -5.5901424331E+00
 -5.5901571917E+00
 -5.5901588668E+00
 -5.5901492638E+00
 -5.5901335486E+00
 -5.5901118415E+00
 -5.5900893000E+00
 -5.5900737683E+00
 -5.5900642316E+00
 -5.5900577718E+00
 -5.5900442766E+00
 -5.5900232821E+00
 -5.5900040142E+00
 -5.5899946522E+00
 -5.5900030460E+00
 -5.5900279349E+00
 -5.5900649199E+00
 -5.5901002308E+00
 -5.5901298150E+00
 -5.5901497219E+00
 -5.5901609524E+00
 -5.5901691744E+00
 -5.5901799241E+00
 -5.5901953949E+00
 -5.5902116202E+00
 -5.5902262989E+00
 -5.5902275532E+00
 -5.5902177559E+00
 -5.5901985107E+00
 -5.5901788933E+00
 -5.5901665843E+00
 -5.5901668288E+00
 -5.5901754868E+00
 -5.5901866032E+00
 -5.5901903283E+00
 -5.5901857993E+00
 -5.5901736040E+00
 -5.5901587154E+00
 -5.5901450514E+00
 -5.5901380657E+00
 -5.5901389026E+00
 -5.5901414991E+00
 -5.5901365417E+00
 -5.5901205635E+00
 -5.5900928240E+00
 -5.5900647055E+00
 -5.5900439528E+00
 -5.5900424854E+00
 -5.5900546114E+00
 -5.5900770215E+00
 -5.5900965104E+00
 -5.5901058423E+00
 -5.5901053233E+00
 -5.5900991957E+00
 -5.5900906165E+00
 -5.5900877620E+00
 -5.5900941968E+00
 -5.5901052140E+00
 -5.5901143273E+00
 -5.5901141279E+00
 -5.5901027655E+00
 -5.5900810935E+00
 -5.5900638927E+00
 -5.5900583302E+00
 -5.5900711293E+00
 -5.5900973610E+00
 -5.5901279320E+00
 -5.5901478523E+00
 -5.5901556565E+00
 -5.5901555265E+00
 -5.5901490786E+00
 -5.5901419820E+00
 -5.5901391734E+00
 -5.5901422564E+00
 -5.5901433025E+00
 -5.5901365652E+00
 -5.5901146460E+00
 -5.5900779613E+00
 -5.5900370159E+00
 -5.5900022112E+00
 -5.5899802836E+00
 -5.5899720075E+00
 -5.5899727607E+00
 -5.5899713522E+00
 -5.5899604942E+00
 -5.5899385724E+00
 -5.5899134657E+00
 -5.5898934970E+00
 -5.5898858837E+00
 -5.5898923217E+00
 -5.5899087783E+00
 -5.5899244470E+00
 -5.5899329877E+00
 -5.5899362516E+00
 -5.5899363030E+00
 -5.5899389733E+00
 -5.5899462502E+00
 -5.5899571057E+00
 -5.5899690630E+00
 -5.5899768913E+00
 -5.5899716421E+00
 -5.5899512370E+00
 -5.5899204699E+00
 -5.5898858050E+00
 -5.5898528263E+00
 -5.5898275995E+00
 -5.5898111168E+00
 -5.5897998445E+00
 -5.5897917075E+00
 -5.5897829514E+00
 -5.5897811136E+00
 -5.5897911359E+00
 -5.5898159806E+00
 -5.5898465457E+00
 -5.5898738127E+00
 -5.5898927502E+00
 -5.5899001254E+00
 -5.5898900124E+00
 -5.5898690421E+00
 -5.5898455884E+00
 -5.5898235141E+00
 -5.5898026992E+00
 -5.5897819605E+00
 -5.5897615396E+00
 -5.5897429834E+00
 -5.5897303407E+00
 -5.5897308063E+00
 -5.5897445750E+00
 -5.5897716710E+00
 -5.5898067878E+00
 -5.5898378953E+00
 -5.5898614870E+00
 -5.5898691618E+00
 -5.5898613640E+00
 -5.5898473924E+00
 -5.5898346213E+00
 -5.5898244325E+00
 -5.5898128232E+00
 -5.5897955961E+00
 -5.5897748083E+00
 -5.5897539067E+00
 -5.5897427691E+00
 -5.5897417019E+00
 -5.5897568866E+00
 -5.5897870284E+00
 -5.5898233323E+00
 -5.5898564486E+00
 -5.5898775495E+00
 -5.5898844793E+00
 -5.5898832168E+00
 -5.5898772746E+00
 -5.5898759364E+00
 -5.5898803059E+00
 -5.5898844277E+00
 -5.5898739542E+00
 -5.5898448141E+00
 -5.5898078967E+00
 -5.5897799395E+00
 -5.5897751889E+00
 -5.5897918563E+00
 -5.5898172030E+00
 -5.5898398060E+00
 -5.5898520055E+00
 -5.5898609181E+00
 -5.5898742080E+00
 -5.5898943303E+00
 -5.5899228282E+00
 -5.5899546355E+00
 -5.5899804083E+00
 -5.5899891078E+00
 -5.5899757176E+00
 -5.5899535198E+00
 -5.5899341192E+00
 -5.5899309186E+00
 -5.5899426923E+00
 -5.5899541794E+00
 -5.5899484898E+00
 -5.5899217380E+00
 -5.5898894083E+00
 -5.5898619273E+00
 -5.5898530862E+00
 -5.5898619819E+00
 -5.5898798351E+00
 -5.5898916180E+00
 -5.5898901624E+00
 -5.5898778561E+00
 -5.5898675776E+00
 -5.5898705024E+00
 -5.5898910053E+00
 -5.5899183103E+00
 -5.5899403493E+00
 -5.5899458271E+00
 -5.5899357868E+00
 -5.5899251399E+00
 -5.5899243176E+00
 -5.5899412941E+00
 -5.5899688686E+00
 -5.5899917165E+00
 -5.5900010363E+00
 -5.5899958424E+00
 -5.5899821735E+00
 -5.5899740405E+00
 -5.5899824324E+00
 -5.5900017408E+00
 -5.5900176929E+00
 -5.5900214043E+00
 -5.5900091094E+00
 -5.5899853364E+00
 -5.5899666472E+00
 -5.5899656551E+00
 -5.5899787736E+00
 -5.5899936287E+00
 -5.5899963167E+00
 -5.5899841336E+00
 -5.5899586313E+00
 -5.5899337825E+00
 -5.5899236579E+00
 -5.5899281888E+00
 -5.5899396295E+00
 -5.5899439186E+00
 -5.5899337536E+00
 -5.5899074771E+00
 -5.5898782614E+00
 -5.5898645214E+00
 -5.5898720293E+00
 -5.5898897894E+00
 -5.5899092533E+00
 -5.5899141815E+00
 -5.5899035125E+00
 -5.5898885222E+00
 -5.5898878101E+00
 -5.5899065299E+00
 -5.5899387555E+00
 -5.5899678399E+00
 -5.5899786296E+00
 -5.5899712148E+00
 -5.5899582423E+00
 -5.5899532391E+00
 -5.5899552130E+00
 -5.5899667135E+00
 -5.5899786658E+00
 -5.5899785749E+00
 -5.5899590465E+00
 -5.5899200211E+00
 -5.5898781428E+00
 -5.5898477182E+00
 -5.5898328492E+00
 -5.5898270505E+00
 -5.5898242252E+00
 -5.5898172359E+00
 -5.5898025546E+00
 -5.5897909318E+00
 -5.5897989057E+00
 -5.5898241155E+00
 -5.5898583478E+00
 -5.5898877291E+00
 -5.5899037194E+00
 -5.5899054082E+00
 -5.5898944846E+00
 -5.5898811522E+00
 -5.5898669510E+00
 -5.5898484922E+00
 -5.5898208916E+00
 -5.5897895664E+00
 -5.5897582909E+00
 -5.5897318686E+00
 -5.5897115601E+00
 -5.5897043739E+00
 -5.5897166203E+00
 -5.5897483917E+00
 -5.5897860581E+00
 -5.5898177864E+00
 -5.5898317494E+00
 -5.5898325398E+00
 -5.5898327057E+00
 -5.5898334879E+00
 -5.5898292958E+00
 -5.5898111754E+00
 -5.5897782262E+00
 -5.5897451794E+00
 -5.5897131452E+00
 -5.5896893544E+00
 -5.5896774488E+00
 -5.5896797282E+00
 -5.5896998894E+00
 -5.5897358861E+00
 -5.5897738080E+00
 -5.5898019883E+00
 -5.5898133865E+00
 -5.5898166233E+00
 -5.5898243256E+00
 -5.5898354020E+00
 -5.5898402475E+00
 -5.5898291484E+00
 -5.5898066520E+00
 -5.5897805077E+00
 -5.5897492735E+00
 -5.5897255981E+00
 -5.5897128220E+00
 -5.5897155521E+00
 -5.5897342953E+00
 -5.5897646863E+00
 -5.5897937192E+00
 -5.5898142738E+00
 -5.5898247856E+00
 -5.5898314641E+00
 -5.5898467307E+00
 -5.5898723736E+00
 -5.5899023692E+00
 -5.5899241425E+00
 -5.5899277468E+00
 -5.5899151693E+00
 -5.5898922641E+00
 -5.5898647567E+00
 -5.5898415944E+00
 -5.5898307783E+00
 -5.5898301691E+00
 -5.5898315108E+00
 -5.5898277119E+00
 -5.5898173098E+00
 -5.5898085987E+00
 -5.5898048748E+00
 -5.5898138652E+00
 -5.5898433822E+00
 -5.5898872871E+00
 -5.5899341275E+00
 -5.5899736155E+00
 -5.5899994443E+00
 -5.5900129185E+00
 -5.5900186048E+00
 -5.5900244571E+00
 -5.5900374611E+00
 -5.5900537220E+00
 -5.5900658665E+00
 -5.5900671583E+00
 -5.5900593041E+00
 -5.5900381267E+00
 -5.5900069762E+00
 -5.5899807833E+00
 -5.5899678244E+00
 -5.5899723769E+00
 -5.5899869587E+00
 -5.5900007743E+00
 -5.5900061719E+00
 -5.5899996431E+00
 -5.5899856299E+00
 -5.5899712041E+00
 -5.5899636356E+00
 -5.5899649105E+00
 -5.5899713310E+00
 -5.5899739083E+00
 -5.5899683429E+00
 -5.5899525953E+00
 -5.5899294218E+00
 -5.5899061916E+00
 -5.5898938404E+00
 -5.5898970367E+00
 -5.5899164247E+00
 -5.5899401780E+00
 -5.5899620511E+00
 -5.5899739984E+00
 -5.5899734053E+00
 -5.5899685934E+00
 -5.5899647529E+00
 -5.5899652392E+00
 -5.5899751913E+00
 -5.5899851781E+00
 -5.5899929054E+00
 -5.5899907859E+00
 -5.5899807331E+00
 -5.5899642981E+00
 -5.5899517238E+00
 -5.5899524851E+00
 -5.5899684378E+00
 -5.5899978956E+00
 -5.5900313343E+00
 -5.5900572108E+00
 -5.5900716180E+00
 -5.5900769904E+00
 -5.5900800803E+00
 -5.5900876043E+00
 -5.5900977346E+00
 -5.5901098096E+00
 -5.5901203103E+00
 -5.5901233129E+00
 -5.5901166620E+00
 -5.5900961715E+00
 -5.5900697838E+00
 -5.5900467237E+00
 -5.5900339660E+00
 -5.5900310559E+00
 -5.5900314827E+00
 -5.5900267378E+00
 -5.5900135402E+00
 -5.5899899945E+00
 -5.5899601374E+00
 -5.5899327076E+00
 -5.5899171366E+00
 -5.5899129718E+00
 -5.5899179791E+00
 -5.5899250525E+00
 -5.5899283767E+00
 -5.5899308207E+00
 -5.5899387364E+00
 -5.5899578818E+00
 -5.5899846981E+00
 -5.5900111488E+00
 -5.5900289187E+00
 -5.5900364826E+00
 -5.5900312990E+00
 -5.5900126471E+00
 -5.5899890871E+00
 -5.5899622242E+00
 -5.5899351425E+00
 -5.5899073286E+00
 -5.5898771864E+00
 -5.5898547546E+00
 -5.5898386426E+00
 -5.5898310697E+00
 -5.5898386230E+00
 -5.5898624998E+00
 -5.5898980839E+00
 -5.5899345780E+00
 -5.5899609440E+00
 -5.5899727153E+00
 -5.5899735179E+00
 -5.5899637205E+00
 -5.5899459244E+00
 -5.5899282207E+00
 -5.5899086555E+00
 -5.5898835673E+00
 -5.5898551091E+00
 -5.5898306522E+00
 -5.5898125569E+00
 -5.5898067912E+00
 -5.5898265619E+00
 -5.5898621652E+00
 -5.5899048345E+00
 -5.5899402626E+00
 -5.5899577296E+00
 -5.5899623480E+00
 -5.5899585673E+00
 -5.5899500853E+00
 -5.5899387464E+00
 -5.5899246481E+00
 -5.5899065195E+00
 -5.5898840320E+00
 -5.5898597828E+00
 -5.5898425209E+00
 -5.5898378270E+00
 -5.5898467818E+00
 -5.5898731769E+00
 -5.5899116939E+00
 -5.5899473481E+00
 -5.5899703185E+00
 -5.5899853799E+00
 -5.5899928804E+00
 -5.5899941471E+00
 -5.5899926391E+00
 -5.5899837510E+00
 -5.5899741162E+00
